AGRO-ALIMENTAIRE ET BOISSONS
SFBT
11,860
268 125
1,463
3 180
2 963
2,2
2,1
7,1
7,0
19%
1,051
0,943
1,044
POULINA G H
10,000
180 004
5,240
1 800
3 266
0,9
1,0
6,0
6,2
11%
0,720
0,656
0,764
DELICE HOLDING
20,470
54 907
1,500
1 124
1 207
0,9
0,8
6,8
6,4
20%
1,781
1,832
1,952
LAND`OR
11,490
13 784
0,441
158
214
0,8
0,8
10,0
8,9
7%
0,496
0,567
0,782
PRODUITS MENAGERS ET DE SOIN PERSONNEL
SAH LILAS
11,400
84 016
2,474
958
1 567
1,8
1,6
11,1
8,0
17%
0,424
0,731
0,822
EURO-CYCLES
14,790
9 801
0,504
145
217
2,0
1,8
11,5
10,1
14%
0,506
0,918
1,169
SAM
6,540
5 562
0,327
36
37
1,3
1,2
6,9
6,6
20%
0,681
0,616
0,658
OFFICEPLAST
1,480
14 662
0,006
22
36
1,1
1,0
8,8
7,1
3%
0,011
0,047
0,046
NEW BODY LINE
4,720
4 250
0,026
20
12
1,1
1,2
24,9
35,7
6%
0,268
0,179
0,213
AUTOMOBILES ET EQUIPEMENTIERS
ASSAD
1,470
24 000
0,155
35
118
1,0
0,9
41,7
10,0
neg
-0,500
-0,264
-0,267
STIP
2,300
4 208
0,010
10
95
0,7
0,7
7,1
6,4
25%
-0,373
1,188
1,426
SANTE
UNIMED
7,320
32 000
0,648
234
276
2,0
1,9
6,2
5,7
15%
0,173
0,517
0,576
SIPHAT
4,690
1 800
0,003
8
152
15,9
19,5
n.s
n.s
neg
-14,035
-15,374
-16,409
DISTRIBUTION
ARTES
10,320
38 250
0,248
395
178
0,9
0,6
6,4
4,1
18%
0,704
0,975
1,033
ENNAKL AUTOMOBILES
11,370
30 000
1,488
341
311
0,4
0,5
3,9
4,2
18%
1,344
1,355
1,534
CITY CARS
15,550
18 000
0,109
280
197
0,5
0,5
4,0
3,8
40%
1,762
1,808
1,936
SMART TUNISIE
13,800
10 123
0,443
140
235
0,6
0,5
6,5
5,5
16%
1,489
1,652
1,859
MAGASIN GENERAL
6,770
15 777
0,005
107
407
0,4
0,4
8,1
8,1
neg
-2,686
-2,868
-3,169
MONOPRIX
3,700
25 346
0,000
94
179
0,3
0,2
4,5
4,6
neg
0,040
-0,047
0,039
SOTUMAG
6,180
13 200
0,049
82
46
2,6
2,5
5,8
5,6
20%
0,580
0,511
0,547
STA
22,750
2 000
0,074
46
32
0,4
0,3
5,0
3,2
11%
0,673
1,717
1,834
UADH
0,440
36 954
0,020
16
246
n.s
n.s
n.s
n.s
neg
-1,191
-1,407
-1,488
CELLCOM
2,050
4 462
0,006
9
22
0,4
0,3
18,8
8,4
7%
0,049
0,092
0,094
VOYAGES ET LOISIRS
TUNISAIR
0,360
106 199
0,017
38
1 038
0,9
0,8
37,1
24,1
neg
-4,426
-4,237
-4,331
CHIMIE
I.C.F.
127,500
2 100
2,002
268
238
1,6
1,4
31,7
8,6
17%
3,486
10,209
10,424
AIR LIQUIDE TUNISIE
101,000
1 638
0,016
165
148
1,1
1,1
3,6
3,6
19%
14,376
14,664
14,901
ALKIMIA
14,760
3 947
0,002
58
133
0,7
0,6
24,8
47,6
neg
-10,136
-10,007
-9,754
MATIERES PREMIERES
TPR
7,730
50 000
0,642
387
343
1,2
1,1
5,6
5,0
20%
0,827
0,832
0,917
SOTIPAPIER
4,370
28 184
0,162
123
166
1,7
1,5
1,2
10,5
3%
0,087
0,089
0,163
PETROLE ET GAZ
SOTRAPIL
17,200
4 138
0,061
71
23
1,3
1,2
2,1
2,3
16%
2,149
2,114
2,597
BATIMENT ET MATERIAUX DE CONSTRUCTION
CARTHAGE CEMENT
2,190
343 625
0,906
753
1 108
2,6
2,4
7,1
6,7
18%
0,160
0,210
0,245
SOTEMAIL
3,530
34 514
0,000
122
201
3,6
5,4
27,4
n.s
neg
-0,283
-0,440
-0,380
MPBS
11,110
10 334
0,135
115
146
1,2
0,9
12,9
7,2
13%
0,288
0,842
0,976
SIMPAR
34,400
1 100
0,024
38
103
2,3
2,2
15,3
13,5
neg
-5,011
-9,416
-10,586
SITS
2,100
15 600
0,001
33
31
4,0
4,4
19,6
36,9
1%
0,123
0,018
0,058
CIMENTS DE BIZERTE
0,380
44 047
0,001
17
192
2,1
5,5
n.s
n.s
neg
-0,780
-1,135
-0,954
SOMOCER
0,400
40 656
0,031
16
207
1,6
2,5
9,5
n.s
neg
-0,519
-0,868
-0,831
SANIMED
0,880
12 400
0,000
11
126
3,1
3,8
68,6
n.s
neg
-0,701
-0,844
-0,687
ESSOUKNA
1,560
5 051
0,027
8
30
4,5
3,8
23,9
n.s
neg
-0,564
-0,658
-0,715
BIENS ET SERVICES INDUSTRIELS
ONE TECH HOLDING
9,000
80 400
1,374
724
793
0,7
0,8
7,9
8,3
9%
0,477
0,473
0,472
SOTUVER
14,240
39 254
1,194
559
738
2,8
3,0
6,4
6,8
28%
1,188
0,994
1,652
SIAME
3,280
15 444
0,157
51
74
1,2
1,1
10,0
9,3
6%
0,093
0,115
0,120
TECHNOLOGIE
TELNET HOLDING
7,380
12 131
0,436
90
58
1,0
0,8
5,5
4,1
25%
-0,326
0,621
0,610
AETECH
0,270
2 223
0,000
1
5
0,9
1,3
22,4
53,5
neg
-0,247
-0,427
-0,400
TELECOMMUNICATIONS
TAWASOL GH
0,730
108 000
0,148
79
141
1,8
1,7
12,0
10,9
2%
0,007
0,005
0,003
SOTETEL
7,120
4 637
0,172
33
34
0,5
0,5
6,9
3,8
11%
0,837
0,793
0,848
BANQUES
BIAT
100,600
40 800
1,734
4 104
-
-
-
-
-
15%
8,789
8,426
8,787
ATTIJARI BANK
69,600
42 000
4,616
2 923
-
-
-
-
-
20%
5,378
5,708
5,514
BT
5,140
270 000
0,382
1 388
-
-
-
-
-
12%
0,675
0,607
0,671
AMEN BANK
38,500
34 920
1,960
1 344
-
-
-
-
-
12%
6,201
5,683
5,972
UIB
22,650
34 560
0,182
737
-
-
-
-
-
6%
3,616
1,656
3,158
BH
12,990
47 600
0,394
618
-
-
-
-
-
10%
3,004
3,178
3,556
BNA
8,610
64 000
2,301
551
-
-
-
-
-
9%
3,313
2,965
3,108
STB
2,980
155 375
0,316
463
-
-
-
-
-
3%
0,505
0,231
0,225
UBCI
20,490
20 002
0,017
410
-
-
-
-
-
8%
2,668
2,212
2,031
ATB
3,080
100 000
1,108
308
-
-
-
-
-
4%
-0,002
0,225
0,288
WIFACK INTERNATIONAL BANK
8,530
30 000
0,012
256
-
-
-
-
-
8%
0,300
0,524
0,750
BTE (ADP)
4,440
5 437
0,054
4
-
-
-
-
-
neg
-6,193
-5,187
-3,446
ASSURANCE
STAR
202,470
2 308
1,887
467
-
-
-
-
-
7%
10,069
11,917
13,264
ASTREE
46,000
6 000
0,018
276
-
-
-
-
-
12%
3,780
3,833
4,172
ASSURANCES MAGHREBIA
51,000
4 500
0,005
230
-
-
-
-
-
14%
7,436
7,839
8,273
TUNIS RE
7,800
20 000
0,011
156
-
-
-
-
-
10%
0,929
1,330
1,330
MAGHREBIA VIE
5,770
25 000
0,397
144
-
-
-
-
-
14%
0,712
0,764
0,820
BH ASSURANCE
51,200
2 660
0,000
136
-
-
-
-
-
10%
4,953
3,755
4,237
SERVICES FINANCIERS
TUNISIE LEASING ET FACTORING
19,100
10 800
0,031
206
-
-
-
-
-
8%
2,613
2,009
2,115
CIL
26,510
7 000
0,138
186
-
-
-
-
-
13%
2,801
2,459
2,677
ATL
4,720
32 500
0,273
153
-
-
-
-
-
16%
0,615
0,680
0,736
HANNIBAL LEASE
7,400
11 000
0,027
81
-
-
-
-
-
13%
1,188
1,171
1,268
ATTIJARI LEASING
26,950
2 750
0,060
74
-
-
-
-
-
13%
3,208
3,636
3,187
BEST LEASE
2,300
30 000
0,000
69
-
-
-
-
-
8%
0,415
0,333
0,355
BH LEASING
4,120
7 000
0,124
29
-
-
-
-
-
10%
0,450
0,557
0,602
SPDIT SICAF
13,150
28 000
0,019
368
-
-
-
-
-
43%
0,957
0,964
1,000
PLACEM. DE TUNISIE
46,010
1 000
0,000
46
-
-
-
-
-
18%
1,427
2,970
2,700
TUNINVEST-SICAR
9,000
966
0,000
9
-
-
-
-
-
13%
0,432
0,756
0,787
Hors Cote
AMI
2,210
87 392
0,122
193
-
-
-
-
-
9%
0,098
0,100
0,101
SITEX
3,850
2 306
0,000
9
9
0,2
n.s
n.s
n.s
neg
-7,538
-7,588
-6,721
SANTE